400769
135564985
24856436
6851740
24748204
10366136
73265392
72726
107848
53396328
148198
9865515
11338033
443939
57519507
5352062
13071731
515328
446378
25033539
457193
444795
104842
6252
148124
400633
3690
163659
5035
104741
2123
1546
5799
6442177
5453
208908
96312
23615975
2478
5311
38904
2187
3367
5284616
4211
68740
5291
5329102
2662
4114
126941
2733525
5394
2907
4842
3062316
644241
135398738
5790
9703
5935
123608
148121
5360373
36462
241902
77082
454216
36314
3902
667490
3657
354624
249332
46781465
443939
216239
3950
6239
5426
11683
135401907
1805
60198
9927978
2141
57469
6194
62770
3385
216326
439693
4212
5746
123631
25136944
2708
2723601
24197464
71384
135410875
2578
54611422
176871
60699
6445540
387447
451668
452548
11525740
42611257
132971
9854073
24776445
11626560
6450551
25126798
3081361
54611489
42890
5287792
65064
449069
16219612
7251185
26879
10237
46907787
91466
442614
102484
564
2682
154272
1271002
6505803
9852573
66414
1269845
5459840
73087
8617
135398661
2148
5280567
12934390
9819382
144
441328
135403646
9839311
11314340
54708532
16038374
42636535
24768261
9821849
49846579
24978538
11228183
3035714
10437018
17513
41774
441307
170367
1981
11074431
904
1985
6060
12035
135398513
5310993
5284513
11519741
60164
60871
76219
60961
5763
16307093
46931003
66136
11383075
10297043
10184653
2044
9840076
2051
2052
5328779
56645356
82148
2082
83969
49806720
5282181
71764
71916
24771867
6918427
135413504
6293
1549517
123607
10207
11450633
162147
5280723
10041070
21718
10141893
2125
64150
6918493
108013
444
23663941
24764449
16007367
24856041
6009
16230
2145
9433
2155
441325
2159
11065
2162
62074
50515
54259
33613
23663126
5280965
23663979
23565
2176
65016
8732
11282283
11556427
135413494
9824562
5318517
2196
657201
17275
2206
57390074
11315474
5280443
10182969
2214
1901244
11561674
135413536
6918848
448014
9958103
440936
2230
92722
60795
24872560
68911
68827
6917864
32169
11630874
5287855
20525
3036780
119034
134601
2244
24739943
13943299
227456
11955716
11175137
135398495
11219835
158550
54840
60822
74989
47320
174174
44139710
135539077
46883536
9869929
166558
59174488
51040
56973724
11676786
25099184
72716071
46244454
9444
15723
15443
5281066
2265
135564570
11292191
25262792
44199317
10138980
56599293
46893585
51039095
25227436
16747683
44137675
11152667
25262965
16666708
11488320
54360
65948
135415867
135409642
447043
23685176
10701
5742832
6714010
5281605
64982
65958
3101542
16007391
5362422
5353431
9936012
21700
6918638
2310
5362123
2315
3032771
656667
26964
2333
8478
2337
243
238053
65464
54678490
164521
12456
2355
66065
3885
5280489
68643
9782
71651
2369
11548
64971
82146
11977753
39042
57336745
25023738
11364421
9927531
2375
2378
16736529
73581
5311027
71354
448949
5280373
171548
92151
156422
49836020
2391
6917733
46945860
135398492
135659062
16654980
72466
2415
5329775
9926054
5495818
54682040
24785538
24794418
44155856
57662985
210172
185462
5328940
5287620
54405
68844
11234052
11154925
9891303
2438
23693301
5702220
5281067
2453
442021
49867928
49769085
5281004
2466
6420013
2471
64737
36431
5281222
443867
47471
6852391
10077147
11754511
56649450
25102847
689043
5281787
11625818
5283731
5280453
62859
5284360
24360
24812758
2541
2540
156414
60953
44093
135403805
2554
135705561
20933
636402
34359
31072
11556711
2577
2581
2585
6850808
5458190
44224135
1204893
2733079
17751819
16202152
25154041
9933475
6915944
6437877
44187
9830519
9937686
24800541
56846693
57336812
27447
6436208
10206
55182
5974
31239
504670
6605258
10256643
49784945
10133
135399748
53396311
71295844
5959
2717
1732
1794427
2720
2722
5281068
6240
2727
667467
6301
2733
6209
2741
5281607
10208
2746
2749
38911
56329
176873
5282138
151170
2754
2756
156418
101744
8593
5282458
2762
2763
6422124
62886
2767
20279
84029
5281069
153994
73115
37907
446598
16051951
16052038
2787
32798
119182
2794
2797
3033832
68539
20179
60606
23360
43231
42574
23683671
2812
23675743
135398737
59174579
57335384
25151504
216322
5745
5281437
323
10158940
9874913
9843900
24770514
160254
11057
11646823
24756910
54575456
969516
14240392
24748573
6420138
7533
2893
67533
25050
5284373
5284373
13770
9880
47866
9082
25062766
6253
6175
10235
42623951
6251
6613
44462760
25154714
11511120
5281708
6918540
11285588
11442891
9887712
5280569
214347
71352
5311272
16134395
444030
23725083
676352
25066467
10921
451668
214348
189821
11222830
5881
11745519
124087
5311066
125017
6918664
56031
5743
9578005
5311068
107526
26248
3023
521951
3038
456389
115087
23667642
5018304
23667628
441344
135398739
68861
448537
56205
443936
3000518
161557
62920
90045
65625
637568
5284544
46926350
119245
5281612
5281613
10830
6126
8980
3108
6473883
3117
23663956
5970
123964
71329
54726191
10866
3151
65340
636377
135431668
135398510
64648
62978
5281107
18343
50942
51066577
54685920
54686183
11224
219025
3168
3169
68873
568416
60834
6918296
68304
9051
135533054
3182
123985
3191
68589
4021
10280735
2725048
51031035
6444206
300471
656631
135449332
5277135
3218
3220
11949646
60877
5388961
6917719
16041424
3229
10114
71188
5281081
135526609
4261
15951529
1549120
441302
157313
5815
441411
65348
448799
448013
11226684
73356
5282474
66558664
67811385
60160561
57345410
91469
11214940
65632
444679
222285
12560
146571
5281417
104769
10959536
5757
13791
5756
5870
165457
14051
17506
5991
2761171
9270
3308
65777
667484
36462
72199292
193962
9823233
49836058
6442177
442088
5113032
150311
3324
5702160
3326
163751
134018
3331
3333
3334
3339
64746
68626
51754
4068248
445858
9849808
63002
11256664
10034073
57363
107969
5281614
9910986
441345
3362
114811
5790
35802
3365
3366
30751
3371
3373
3374
16490
5282407
39212
6215
9642
240767
62857
6435335
3394
3397
444036
23663976
9560989
42642645
11273
5280378
9832292
47936
135564864
44561
11671467
5386
9576185
3440
6604561
153921
11188409
6172
135398740
115067
5379
24788740
46940575
59239165
11717001
17755052
25254071
5288382
60750
3463
442424
443354
5280961
3033968
54679224
9909368
65243
9804991
3474
3475
3476
3478
91610
3488
14982
5311510
3499
25113626
16118392
3503
6890
65264
441140
71729974
23582824
46885626
24996872
25182616
25124816
25167777
9827968
56949517
2800647
11373846
15983966
16725726
3516
5702062
86471
5742
135398635
9934458
11617559
16078973
9893571
9943465
5924208
10202642
10253143
11595431
644213
51038269
5702541
3549
443943
6918178
3559
1150897
442514
42598643
135421442
72281
10621
192197
5818
9888590
6419941
72303
68313
9351
3639
5754
91513
5283820
154417
46943432
52912189
24821094
3672
5281065
5318997
11238147
22024915
791637
3686
5905
9887867
656586
9549298
132519
71360
123596
5081913
5464343
8228
25145656
9827599
3702
10177
3712
3715
9796068
45375953
1645
135398641
135565181
54685215
521106
50905713
657308
3747
3749
60838
60837
3752
159968
638278
3767
5807
12597
5282379
10930
3784
5311037
55283
675434
3045381
16220172
6321424
71601111
44483163
6519698
2809273
11609586
46911863
5330790
4908365
16760588
5311339
25021165
46173038
5280863
3822
456201
3825
3826
5282408
9913405
10367662
11317348
3830
53495165
71496742
71481097
9549295
16736978
5278396
15953870
11427553
23116322
23635314
8582409
20849066
5816
54680660
10917
5819
5311217
656516
5282136
60825
3878
3883
9941095
51346120
6445533
54677946
24775005
57379345
16760696
3899
9823820
5284583
60656
65859
149096
13109
3033825
688272
46926973
133021
3676
179651
10096344
64710
441401
11485656
23666110
13520
9903
68624
3025944
122125
148195
39562
71420
92727
3957
11673085
54690031
11751549
444025
53232
71399
157920
3003141
151166
5280445
11655119
10090485
11570805
11955855
46832368
46213929
44251605
71576678
49837968
3973
447966
9834591
10435235
3994
16004692
72300
4006
4008
150762
71478
3002977
60651
10074640
11381449
3825829
616236
64713
68601
6279
4044
8567
10288191
896
54677470
181458
4055
6461
71668
66070
5284587
65483
9015
441130
4075
23662354
6291
54685047
4100
4101
1349907
4107
71183
4121
5284419
1615267
6741
667493
4165
4170
441308
4173
64715
21467
23685177
462382
24901704
68551
4189
68553
55245
441314
16718576
163701
4197
9865528
4205
51082
104762
9803433
54698642
46930998
44137946
11326715
180081
24988881
11676373
46239015
1088438
44247466
1048267
25183872
11712649
49867936
54766613
672296
4235
54889
65935
441336
7638
23663996
5281670
76621
119583
16097729
441242
101526
4810
119369
3025961
16078986
6444692
5281078
446541
5281672
5281673
102175
4409
4410
5311180
23667630
4418
11957660
4421
5464092
5485201
86278937
11079
156391
4440
439246
442428
9894584
5284447
5311309
71301
2828334
71157
155290
3011155
442439
151075
9915743
4463
4472
71234
41114
47528
936
10434468
938
4485
4487
4488
5337997
4494
4495
4497
4499
41684
8798
4507
5447130
3033637
66558287
22880
71521142
72344
4122
3047796
6230
9933439
23663939
6918446
16759159
346721
398148
9860529
11327430
216345
9825149
11476171
16747388
57339395
44206063
6440181
6433272
789882
16681698
11462174
10152654
135398745
23725625
10494
52947716
130881
5282402
135413505
11689883
4594
68647
23642227
25067547
44828492
5321010
3034010
28061
967
83823
78000
135398516
18924996
11640390
9868037
10228
10027278
72092
439501
4614
34312
9936727
4621
40854
4622
6420040
91505
114850
66259
5281034
54675779
5282440
6438130
46931953
23643975
2819993
456199
135421197
46216796
442534
11092
11431660
73442
11998575
27350
62878
16367
10113978
24753719
9826528
5311345
11957668
4708
1401
6918454
10231331
4713
119525
6445562
135398748
33630
23668834
4735
47812
16118986
17754438
53356806
44195571
44516953
25154867
51371303
135565545
71315139
56956240
11713159
11612883
71271629
22049997
11249084
11715767
46191454
8691
13266
4760
5282139
7108
5284441
91430
4781
5284443
1775
657302
4788
6072
44240850
8574
9884685
667639
65944
327653
9929138
53245636
24905149
10275789
6852167
5909
44187362
4823
4829
60560
23666879
638024
4843
11296583
40632
4855
54676228
5282451
168993
4858
225362
24180719
4784
311434
134780
24826799
468595
23671691
1400
24905142
4878
135565635
9549305
2817763
49855250
119570
51712
73957
4887
4888
6918456
16759173
4891
68546
5755
5865
8955
165542
4906
6135
4909
65341
4911
4912
5795
5281032
207841
5994
36708
517321
62882
657298
666418
56948527
3052762
9870009
51348293
5281807
5284329
5335621
1046
7550
6019
4993
509554
5280343
5284452
5281025
54891
16211283
11538455
24889392
11984591
11213558
6918852
107751
14010333
11656518
54900
54671008
135400182
208902
5362129
3001055
56959
71279
5284616
3052775
5042
127150
11167602
65981
449054
5770
11609955
445154
6918462
702558
56654642
56650312
10639
1074953
37542
6912
11520894
135415564
135398735
135403821
6436173
23696523
6451164
5070
5071
104850
5073
374536
31728
392622
9875401
6918078
77997
60138149
53340666
441351
5090
449193
5092
5094
68727
175804
160355
77999
5282455
5417
56704
6915744
196968
9931953
129228
6449107
65752
5280805
158758
50878566
252682
3038502
439503
6872
159278
3085092
5717801
6878030
71295845
49867926
10302451
56207
5161
11243969
5169
176155
176158
11957684
5312149
4331799
4210951
4521392
9858940
9967941
135421339
9910486
11256720
49867937
2807869
400169
108130
163263
929262
1274465
24720972
6603108
5186
71815
10127622
9843750
5329098
160436
200103
63009
72307
72201027
56962337
24858111
24795070
24779724
8742
135413523
31553
5312125
31553
54454
5459308
2827646
6918203
11591741
11477084
45279963
753704
9549284
1361334
3025986
24995523
24772860
24211921
2724368
23667548
23711819
23668193
11963579
5258
68654
16760658
216457
115269
406563
5780
5253
10296883
8515
60464
30971
6419898
5833
2797577
25232708
68853159
2779853
5155
46199207
20916937
704473
5280794
19648
29327
656867
71485
130313
23663973
65495
4022878
5215
5324
5325
5326
5327
5328
5329
5330
5333
5336
5339
5340
5344
1548887
5323
59772
71773
5359
24965990
7172
42609626
2777391
447912
2723754
445643
110635
9934347
16038120
11620908
45375887
46209401
9796590
9952773
24963252
24857286
16124208
1550286
108143
3038522
68077
114917
164676
148201
10160238
439533
5381
2729042
1048845
9892071
3010818
9808844
159269
65999
443873
6918289
464205
6398764
1013376
54677971
44383
1549008
5282481
5405
54684141
8695
54704426
10309252
10648
73078
1893668
10427712
17751063
16722832
16722836
9907093
5429
5430
24808478
27200
46209426
66062
11102
23663953
73777259
9871419
470375
65335
11313622
23625762
54686904
5282521
5281056
5479
5482
5483
11431811
72139
159324
5803
9911830
114869
10174505
9926791
6048
5505
4659569
610479
23665411
5510
92965
443878
68591
216237
5284627
159325
3005572
49836027
51358113
41781
15547703
9903786
11707110
5526
5282230
2723716
62935
31307
6436
5546
5560
444732
65399
50248
66064
6256
9458
656583
5578
9066
107985
6503
5593
656665
5284631
5486699
5597
5289501
57336514
11455910
9549289
60196281
5614
2049
3036144
310360
16220066
9818682
13559281
72551585
73211763
25015515
1174
167980
1383884
6029
31401
64945
135398741
119607
135413534
60195218
16760703
60846
1183
31211
135413545
9906942
155815
42642648
22386467
51000408
59472121
39764
11960529
5656
62969
21704
6918313
6918537
13342
5978
53245637
5311498
54670067
5280793
5280795
444020
10461508
71616
56843850
2296132
44191096
46934289
836002
24278976
24798764
46199646
5494449
10341154
3038525
11398092
16678941
11957721
25229526
3795
57519544
312145
11210478
5694
25260757
44219749
44607360
44607530
72200024
44607531
11565518
7020
135418940
57990869
1893730
10026128
59604787
57748689
68554
5282386
135191
9901617
11178236
9956222
11454028
6169
5717
24066
5720
60855
1791111
100016
9910224
35370
60490
219099
899323
5329006
22624897
5730
176406
9914412
60857
5734
153997
6103
11647372
10607
57519510
1069686
11404337
6758
57519554
57441923
5287969
15558393
57519512
5288209
72686
60700
9820526
4030
3000518
22833280
49847690
24964624
54761306
86661883
57519543
52913813
58423153
16750158
426756
131729795
2719
56946894
2733526
3461
16659841
6442177
23652660
9863776
135398501
9956119
6419753
46215815
57340686
66541
9926586
73265225
73265380
10173277
5284330
46911017
7048968
73265377
657237
73265327
11978790
66144
5282230
73265376
11711344
3468
65628
73265386
4033
104799
2567
4609
6917890
6918325
4915
460612
444000
5978
73265390
11607738
43116
2929
10339779
6167
220401
31411
443593
73265406
73265397
11351021
26596
122797
476861
9936388
46189838
2987927
7271796
136257953
46898058
97226
73265393
41867
15573192
50989217
73265391
115150
9955116
154943
9890250
4539
2764
44341259
11963194
73265383
11561383
136153010
135398735
73265405
21677748
135430323
25257557
119182
135743573
60613
454194
135398742
73265379
68791
73265389
57519508
3406
5316290
6419718
2888648
16759993
4091
2844975
2836600
24853523
67089852
25226483
447077
5327916
5311382
176870
10317566
9806229
11511120
57519523
4705
3796
84759
25226117
53401057
204100
3086685
11667893
135423438
9811611
5329099
5329102
73265240
16742063
25206185
5307
66646767
5361
11858109
24864821
11717641
16757524
21081761
25171648
72435
135440466
11524144
53316426
16218924
10316032
44135961
9968854
25195294
25134326
24879368
16097523
9943465
68712644
57519555
667639
10200390
148177
9908783
135398491
53322732
10275789
25207689
46180666
25242324
44187953
71317162
73265226
16048654
24882589
44599690
73265229
3003565
107935
73265232
135565596
5289247
11630874
2844288
3541
10172943
10271028
9819282
56953649
10240275
57519528
73265233
73265228
73265234
25229450
73265224
389644
49766501
16741245
764764
11964036
9938202
3008319
9871074
11539025
11406590
9863367
9865587
14973220
5166
9801969
56965963
57519550
10459196
59437537
73265334
44143370
11393719
73265320
969516
1548943
3447
7566371
6746983
9829162
45279469
12215
58221879
5321010
11626927
22291652
57519531
9949093
9929127
9813758
135465539
6197
135398521
5327721
3121
11248978
44551660
17756618
25022340
73265337
68938909
73265331
73265321
73265338
2703
16755649
57519530
135403620
1317464
42640
52918385
5351307
46239014
135440386
136257951
9969021
448991
456214
9902100
4566
5330286
49867929
135402864
25125014
73265332
644215
73292
66577006
44632017
2950007
2882155
1067700
379077
72551586
44473434
132449
441400
2353
92577
16757846
23654923
25161177
5034
9950176
44182295
24906275
5637
73265221
135742497
16222097
46843772
11634725
11493598
53317853
73265214
71550931
24857323
71748056
44201333
44573504
73265222
20635522
73265342
46926514
42628535
42628507
73265219
73265220
9829523
176167
44451493
2404
3035980
3501
6918670
73265223
73265230
53484170
9826308
23696523
57519549
3838
2531
73265211
24883277
9848160
9804433
10310632
73265212
73265215
53325875
3547
16095342
448042
11548023
25093235
11976582
9810884
25022668
9966538
14096316
57519551
46398810
5328779
44205240
49831257
5494425
16722834
16723044
50922691
3246697
50987412
70701134
4477
4253236
57519505
73265274
1367095
44195701
421610
73265271
49867930
11249248
11501591
46927888
25105690
11983295
25169382
11987888
2747117
72295940
10109823
766949
10430360
57394468
45942672
439647
5478883
56846691
2536
729483
68234129
1005654
16086114
9549184
69923936
11844351
5309
2765355
1361334
73265277
66774402
9869779
11676971
11654378
73265276
25227462
16720766
56965901
73265272
16108977
57519538
10070893
57519506
984170
5288382
73265206
73265210
122724
25210273
15940185
57519540
46918825
6675804
49850262
24951314
4996
56603532
5352062
5353852
24180125
6474292
1328033
15331
56963315
73265341
57339144
46931242
105115
11749858
216248
49864204
24958200
9931954
16666332
9868928
2532
5003929
439518
46843906
58539301
4369359
56970298
9820008
54677977
9883002
57519520
2777
2713
10322165
5288446
54671203
9872438
107706
4578
47751
25150857
46224516
68210102
73265340
52934127
46925884
49852229
71300295
49852941
44143209
3922
44250175
135411
11530459
1744
9796370
73265336
73265209
73265367
1548887
6325199
774
2678
716121
80311
3100
3827
2913
65906
2267
65373
439533
5318980
15103
70689311
73265345
493570
73265364
71729980
5280489
57519525
5280453
5281929
11440648
73265369
7048589
16757877
73265368
11957756
73265350
91649
56069
4493
3071
3751173
1345
4034
9803963
689043
3392731
2796
151183
73265360
53239854
5591
158781
73265370
4076092
154256
5376
3005573
1548953
73265371
10286159
73265347
11872781
7048670
667476
448537
73265375
108092
2742550
10158562
23630211
4943
447905
73265365
44828487
4679
25134521
4659392
73265348
34458
49830258
49830260
50985821
12387471
119373
90454
5213
73259
45042199
151289
12150530
285033
1029232
11271909
57519541
25265312
135972801
135409400
4593
42647289
46933992
44315352
6433118
448055
44591583
57703712
135398744
9803788
73265335
135400189
4680
11581936
71992
107807
16219326
5362124
11963697
72172
9953906
443955
131682
4935
108107
5566
3356
60803
16231
2520
941361
4009
60810
108144
1236
5486971
3076
15068211
6604957
156419
9882793
158797
52943938
73265205
6918182
3446
24762166
3932
4486
4201
65909
53276
121892
9954540
11740218
3938007
11313361
135497698
177336
119584
60918
3378093
5358
5078
123606
5163
5684
4282258
3654103
5324346
2771
5210
934162
65264
4595
656665
2264
2170
2895
119192
44483281
42552731
9807431
108187
11159621
170361
9795278
10474335
9907323
188914
4259181
57519546
49843509
3570748
219077
73265362
73265372
1973
57519536
24867488
11270783
2153
210332
2826191
11345983
73265352
105000
23836158
71304818
9841667
9849040
65015
479503
5311257
4302963
5311501
4519262
123723
44460130
71398
445154
1983
3032
56463
99474
57519539
73265351
73265363
54687
7067829
57519513
2331284
24824610
405012
115355
54677973
5281855
3235
449035
46232606
493027
5310939
21157
4979942
57519535
57519517
54706679
3034010
6335004
4248455
447371
5459840
3099980
53348204
44246499
44543605
56832449
5201899
56645961
71299339
10226546
57519509
46926062
57519529
178024
448601
42623900
57519522
219078
60703
197033
64650
4054
4787937
6234
1102
65709
126758
3538
57519518
73265326
73265329
50905018
57394021
10126189
9927531
73265308
1362865
73265318
51081
56208
65947
3203
18283
73265183
454519
73339
72327
73265309
11201705
73265312
12000240
656516
51037431
70789547
6450819
57519524
57519542
57519526
73265317
60060499
73265310
441074
3652
122262
4046
37393
107771
108031
4139
17134
451875
60953
73265182
490037
60749
5583
169371
73265323
73265184
73265322
73265306
73265328
12309103
73265316
73265325
73265324
73265305
73265311
13048688
73265197
73265190
73265358
73265199
73265200
73265187
197162
73265355
54675776
73265194
46930984
17571905
441130
44309670
701891
656574
443382
5335
5447130
73265204
73265186
54685047
54675783
23667631
6426741
28094875
4583
3357
3948
51039
194216
38103
6604593
6328657
6436628
441328
135761164
18784696
2723920
6450813
969472
5281046
5418
11155874
44599207
10219
31043
131411
71655
73265193
73265357
73265198
656734
440936
73265201
73265353
22571
5362420
5585
3856851
5462355
148192
213039
441385
73265381
5495819
14957
73265408
54260
47472
51755
3760
3198
1549008
3936
11285588
59669121
59428238
5483090
2405
36811
11626384
4916
2083
33572
3779
5775
3157
2092
4893
121829
656628
5401
5533
2803
6041
4636
5709
208898
4768
251562
5487
439260
6010
73265344
73265382
6710614
13018151
6741
21800
16533
7067809
73265413
16757783
73265409
229455
6710658
73265415
7048561
73265414
73265412
25749183
8955
12358477
247705
73265343
73265407
12310282
73265402
73265399
73265403
248
9572720
72664381
73068460
73265411
128878
39836
11683
7048585
73265401
73265396
29985980
3288
73265292
73265302
57519533
9883029
16760554
5712
6604437
2881
71774
2006
12047199
5281071
2161
16738693
5459110
15057856
16725073
4634
4601
6918558
72093
3450
2157
5282435
154417
2370
45270144
9826188
123879
11384493
35028115
73265304
35023509
2449
73265301
2576
3637
73265290
4194514
73265297
5472
9875401
54678486
4413
147912
4184
60854
25253377
44329754
9818479
3341
3372
5355
2130
68871
104920
3456
4011
71353
60835
2801
439280
9796181
6018
11064619
3291
5052
6241
1123
92409
54585
68712
151171
14989
216210
135566083
73265289
10459564
38853
2327
2563
3009
59652905
908828
77991
854026
1935
29971118
73265293
65028
51885747
12620
447916
511644
498102
27400
2442
25019940
2381
6047
26757
3675
638024
19493
681
4272
40629571
9918559
11417954
5360515
3955
24800108
5311340
57468496
10047612
5480230
5748293
73265283
73265294
73265284
73265296
8249
5284549
73265281
3246906
5280360
73265287
2467
24199313
219104
73265288
5281915
73265282
4746
5852
5493444
439804
827
73265279
73265295
9853654
8742
83218
2304885
10168
73265286
44828485
260439
4932
135415564
73265278
7092625
31703
216454
59691338
15953832
9887054
5311497
76321032
136170999
135659064
43806
56951429
19675
492405
2351
1550874
56655374
68591670
36462
5702198
9818231
11683005
3463933
107970
6914657
46233311
16124726
126565
54676905
24995524
16683013
5312137
56972185
15949613
104794
151194
641785
25117126
135449292
16719221
44356648
135330301
449459
11494412
16720766
44462758
68592449
46244173
44609510
3143
1691
5910
1548955
237
19090
5288674
92337
5280757
6918837
76044
442972
72271
153999
216416
25195348
9849735
53235510
60823
5311211
53472153
51049607
11598628
71729975
53315878
71268957
1285941
